cell_id,count
FP200000542BR_A5_14055,0
FP200000542BR_A5_14616,0
FP200000542BR_A5_14863,0
FP200000542BR_A5_14894,0
FP200000542BR_A5_15005,0
FP200000542BR_A5_15006,0
FP200000542BR_A5_15016,0
FP200000542BR_A5_16049,4
FP200000542BR_A5_16105,0
FP200000542BR_A5_16280,0
FP200000542BR_A5_16676,0
FP200000542BR_A5_16700,0
FP200000542BR_A5_16929,0
FP200000542BR_A5_17549,0
FP200000542BR_A5_17611,0
FP200000542BR_A5_17657,1
FP200000542BR_A5_17860,0
FP200000542BR_A5_17897,1
FP200000542BR_A5_17943,0
FP200000542BR_A5_18037,0
FP200000542BR_A5_18060,1
FP200000542BR_A5_18134,0
FP200000542BR_A5_18221,0
FP200000542BR_A5_18229,1
FP200000542BR_A5_18247,0
FP200000542BR_A5_18381,0
FP200000542BR_A5_18451,0
FP200000542BR_A5_18569,0
FP200000542BR_A5_18639,2
FP200000542BR_A5_18692,1
FP200000542BR_A5_18705,4
FP200000542BR_A5_18713,1
FP200000542BR_A5_18748,0
FP200000542BR_A5_18768,0
FP200000542BR_A5_18789,0
FP200000542BR_A5_18901,0
FP200000542BR_A5_19036,1
FP200000542BR_A5_19063,1
FP200000542BR_A5_19089,0
FP200000542BR_A5_19111,0
FP200000542BR_A5_19120,0
FP200000542BR_A5_19150,0
FP200000542BR_A5_19167,0
FP200000542BR_A5_19332,0
FP200000542BR_A5_19409,0
FP200000542BR_A5_19423,1
FP200000542BR_A5_19447,2
FP200000542BR_A5_19454,2
FP200000542BR_A5_19482,0
FP200000542BR_A5_19544,0
FP200000542BR_A5_19545,1
FP200000542BR_A5_19615,0
FP200000542BR_A5_19627,0
FP200000542BR_A5_19684,0
FP200000542BR_A5_19793,0
FP200000542BR_A5_19861,0
FP200000542BR_A5_19917,0
FP200000542BR_A5_19983,0
FP200000542BR_A5_20096,0
FP200000542BR_A5_20176,0
FP200000542BR_A5_20200,0
FP200000542BR_A5_20219,0
FP200000542BR_A5_20248,0
FP200000542BR_A5_20257,0
FP200000542BR_A5_20258,2
FP200000542BR_A5_20284,1
FP200000542BR_A5_20299,1
FP200000542BR_A5_20323,0
FP200000542BR_A5_20341,0
FP200000542BR_A5_20366,0
FP200000542BR_A5_20377,1
FP200000542BR_A5_20487,0
FP200000542BR_A5_20492,2
FP200000542BR_A5_20524,0
FP200000542BR_A5_20541,0
FP200000542BR_A5_20546,0
FP200000542BR_A5_20571,0
FP200000542BR_A5_20585,0
FP200000542BR_A5_20673,0
FP200000542BR_A5_20676,0
FP200000542BR_A5_20717,0
FP200000542BR_A5_20735,4
FP200000542BR_A5_20754,0
FP200000542BR_A5_20765,0
FP200000542BR_A5_20806,0
FP200000542BR_A5_20846,0
FP200000542BR_A5_20869,0
FP200000542BR_A5_20880,0
FP200000542BR_A5_21049,0
FP200000542BR_A5_21056,1
FP200000542BR_A5_21093,0
FP200000542BR_A5_21122,0
FP200000542BR_A5_21155,0
FP200000542BR_A5_21203,0
FP200000542BR_A5_21213,0
FP200000542BR_A5_21219,0
FP200000542BR_A5_21235,0
FP200000542BR_A5_21266,1
FP200000542BR_A5_21391,0
FP200000542BR_A5_21421,0
FP200000542BR_A5_21529,1
FP200000542BR_A5_21696,0
FP200000542BR_A5_21792,0
FP200000542BR_A5_21841,2
FP200000542BR_A5_21847,0
FP200000542BR_A5_21886,0
FP200000542BR_A5_21964,0
FP200000542BR_A5_21994,0
FP200000542BR_A5_22116,1
FP200000542BR_A5_22150,2
FP200000542BR_A5_22262,1
FP200000542BR_A5_22293,0
FP200000542BR_A5_22339,0
FP200000542BR_A5_22408,0
FP200000542BR_A5_22447,0
FP200000542BR_A5_22543,1
FP200000542BR_A5_22571,0
FP200000542BR_A5_22575,0
FP200000542BR_A5_22732,0
FP200000542BR_A5_22753,1
FP200000542BR_A5_22931,0
FP200000542BR_A5_23123,0
FP200000542BR_A5_23251,0
FP200000542BR_A5_23269,0
FP200000542BR_A5_23309,1
FP200000542BR_A5_23313,0
FP200000542BR_A5_23382,1
FP200000542BR_A5_23604,0
FP200000542BR_A5_23711,0
FP200000542BR_A5_23816,1
FP200000542BR_A5_23846,0
FP200000542BR_A5_23850,1
FP200000542BR_A5_24093,0
FP200000542BR_A5_24132,0
FP200000542BR_A5_24271,0
FP200000542BR_A5_24272,0
FP200000542BR_A5_24347,1
FP200000542BR_A5_24367,0
FP200000542BR_A5_24370,1
FP200000542BR_A5_24462,1
FP200000542BR_A5_24474,0
FP200000542BR_A5_24500,0
FP200000542BR_A5_24547,0
FP200000542BR_A5_24562,0
FP200000542BR_A5_24564,0
FP200000542BR_A5_24567,2
FP200000542BR_A5_24578,0
FP200000542BR_A5_24604,0
FP200000542BR_A5_24605,0
FP200000542BR_A5_24744,0
FP200000542BR_A5_24757,0
FP200000542BR_A5_24818,0
FP200000542BR_A5_24820,0
FP200000542BR_A5_24871,0
FP200000542BR_A5_24889,2
FP200000542BR_A5_24900,1
FP200000542BR_A5_24911,0
FP200000542BR_A5_24938,1
FP200000542BR_A5_24953,0
FP200000542BR_A5_24956,4
FP200000542BR_A5_25021,0
FP200000542BR_A5_25034,0
FP200000542BR_A5_25065,0
FP200000542BR_A5_25070,0
FP200000542BR_A5_25185,0
FP200000542BR_A5_25228,2
FP200000542BR_A5_25255,0
FP200000542BR_A5_25261,0
FP200000542BR_A5_25278,1
FP200000542BR_A5_25295,0
FP200000542BR_A5_25301,0
FP200000542BR_A5_25450,1
FP200000542BR_A5_25456,1
FP200000542BR_A5_25487,0
FP200000542BR_A5_25523,0
FP200000542BR_A5_25528,0
FP200000542BR_A5_25554,0
FP200000542BR_A5_25620,0
FP200000542BR_A5_25643,0
FP200000542BR_A5_25668,1
FP200000542BR_A5_25714,0
FP200000542BR_A5_25802,1
FP200000542BR_A5_25830,0
FP200000542BR_A5_25915,0
FP200000542BR_A5_26007,0
FP200000542BR_A5_26051,0
FP200000542BR_A5_26094,0
FP200000542BR_A5_26133,0
FP200000542BR_A5_26165,0
FP200000542BR_A5_26180,0
FP200000542BR_A5_26284,0
FP200000542BR_A5_26302,0
FP200000542BR_A5_26344,0
FP200000542BR_A5_26369,0
FP200000542BR_A5_26419,0
FP200000542BR_A5_26472,0
FP200000542BR_A5_26483,0
FP200000542BR_A5_26541,0
FP200000542BR_A5_26566,2
FP200000542BR_A5_26576,0
FP200000542BR_A5_26579,0
FP200000542BR_A5_26624,0
FP200000542BR_A5_26677,0
FP200000542BR_A5_26796,0
FP200000542BR_A5_26830,0
FP200000542BR_A5_26843,0
FP200000542BR_A5_26896,0
FP200000542BR_A5_26974,3
FP200000542BR_A5_27002,0
FP200000542BR_A5_27053,0
FP200000542BR_A5_27095,1
FP200000542BR_A5_27197,0
FP200000542BR_A5_27220,1
FP200000542BR_A5_27348,0
FP200000542BR_A5_27349,1
FP200000542BR_A5_27364,0
FP200000542BR_A5_27377,3
FP200000542BR_A5_27383,3
FP200000542BR_A5_27426,0
FP200000542BR_A5_27619,1
FP200000542BR_A5_27620,0
FP200000542BR_A5_27697,0
FP200000542BR_A5_27863,0
FP200000542BR_A5_27876,3
FP200000542BR_A5_27980,2
FP200000542BR_A5_27987,0
FP200000542BR_A5_28079,0
FP200000542BR_A5_28158,0
FP200000542BR_A5_28167,0
FP200000542BR_A5_28170,0
FP200000542BR_A5_28323,0
FP200000542BR_A5_28333,1
FP200000542BR_A5_28344,0
FP200000542BR_A5_28378,0
FP200000542BR_A5_28468,1
FP200000542BR_A5_28511,0
FP200000542BR_A5_28604,0
FP200000542BR_A5_28626,1
FP200000542BR_A5_28632,0
FP200000542BR_A5_28657,0
FP200000542BR_A5_28790,0
FP200000542BR_A5_28814,0
FP200000542BR_A5_28824,0
FP200000542BR_A5_28839,0
FP200000542BR_A5_28846,0
FP200000542BR_A5_28885,2
FP200000542BR_A5_28917,0
FP200000542BR_A5_29048,1
FP200000542BR_A5_29065,1
FP200000542BR_A5_29084,4
FP200000542BR_A5_29089,0
FP200000542BR_A5_29142,0
FP200000542BR_A5_29148,0
FP200000542BR_A5_29254,0
FP200000542BR_A5_29299,1
FP200000542BR_A5_29356,0
FP200000542BR_A5_29361,1
FP200000542BR_A5_29377,0
FP200000542BR_A5_29404,1
FP200000542BR_A5_29418,0
FP200000542BR_A5_29426,0
FP200000542BR_A5_29446,0
FP200000542BR_A5_29455,0
FP200000542BR_A5_29464,0
FP200000542BR_A5_29496,0
FP200000542BR_A5_29518,0
FP200000542BR_A5_29577,1
FP200000542BR_A5_29606,1
FP200000542BR_A5_29615,0
FP200000542BR_A5_29623,0
FP200000542BR_A5_29627,3
FP200000542BR_A5_29683,0
FP200000542BR_A5_29712,0
FP200000542BR_A5_29800,1
FP200000542BR_A5_29878,0
FP200000542BR_A5_29884,0
FP200000542BR_A5_29889,1
FP200000542BR_A5_29890,0
FP200000542BR_A5_29895,3
FP200000542BR_A5_29907,0
FP200000542BR_A5_30038,0
FP200000542BR_A5_30065,0
FP200000542BR_A5_30089,0
FP200000542BR_A5_30095,0
FP200000542BR_A5_30116,1
FP200000542BR_A5_30128,1
FP200000542BR_A5_30191,0
FP200000542BR_A5_30215,0
FP200000542BR_A5_30216,0
FP200000542BR_A5_30225,3
FP200000542BR_A5_30227,0
FP200000542BR_A5_30267,0
FP200000542BR_A5_30341,0
FP200000542BR_A5_30445,0
FP200000542BR_A5_30491,0
FP200000542BR_A5_30492,0
FP200000542BR_A5_30573,1
FP200000542BR_A5_30590,0
FP200000542BR_A5_30599,0
FP200000542BR_A5_30633,1
FP200000542BR_A5_30660,2
FP200000542BR_A5_30684,0
FP200000542BR_A5_30776,0
FP200000542BR_A5_30803,4
FP200000542BR_A5_30860,0
FP200000542BR_A5_30901,0
FP200000542BR_A5_31028,4
FP200000542BR_A5_31220,0
FP200000542BR_A5_31262,0
FP200000542BR_A5_31281,0
FP200000542BR_A5_31464,0
FP200000542BR_A5_31497,0
FP200000542BR_A5_31667,2
FP200000542BR_A5_31719,0
FP200000542BR_A5_31875,0
FP200000542BR_A5_32068,0
FP200000542BR_A5_32257,0
FP200000542BR_A5_32294,0
FP200000542BR_A5_32737,0
FP200000542BR_A5_32817,4
FP200000542BR_A5_32863,0
FP200000542BR_A5_32963,0
FP200000542BR_A5_33131,2
FP200000542BR_A5_33208,0
FP200000542BR_A5_33373,0
FP200000542BR_A5_33594,1
FP200000542BR_A5_34097,0
FP200000542BR_A5_34203,1
FP200000542BR_A5_34480,0
FP200000542BR_A5_34976,2
FP200000542BR_A5_35253,0
FP200000542BR_A5_35361,0
FP200000542BR_A5_35496,0
FP200000542BR_A5_35822,0
FP200000542BR_A3_14894,0
FP200000542BR_A3_14924,0
FP200000542BR_A3_14998,0
FP200000542BR_A3_15163,4
FP200000542BR_A3_15371,0
FP200000542BR_A3_16209,0
FP200000542BR_A3_17188,1
FP200000542BR_A3_17213,5
FP200000542BR_A3_17240,1
FP200000542BR_A3_17260,0
FP200000542BR_A3_17608,0
FP200000542BR_A3_17623,0
FP200000542BR_A3_17652,0
FP200000542BR_A3_17794,1
FP200000542BR_A3_17882,0
FP200000542BR_A3_17941,0
FP200000542BR_A3_17956,0
FP200000542BR_A3_17964,0
FP200000542BR_A3_17992,1
FP200000542BR_A3_18104,1
FP200000542BR_A3_18412,0
FP200000542BR_A3_18606,0
FP200000542BR_A3_18648,0
FP200000542BR_A3_18775,2
FP200000542BR_A3_19330,0
FP200000542BR_A3_19468,3
FP200000542BR_A3_19501,0
FP200000542BR_A3_19586,0
FP200000542BR_A3_19625,0
FP200000542BR_A3_19713,0
FP200000542BR_A3_19738,0
FP200000542BR_A3_19788,0
FP200000542BR_A3_19808,0
FP200000542BR_A3_19819,0
FP200000542BR_A3_19935,0
FP200000542BR_A3_20022,3
FP200000542BR_A3_20039,0
FP200000542BR_A3_20107,0
FP200000542BR_A3_20126,1
FP200000542BR_A3_20127,0
FP200000542BR_A3_20179,0
FP200000542BR_A3_20330,0
FP200000542BR_A3_20399,0
FP200000542BR_A3_20445,1
FP200000542BR_A3_20449,2
FP200000542BR_A3_20530,0
FP200000542BR_A3_20651,0
FP200000542BR_A3_20652,0
FP200000542BR_A3_20661,0
FP200000542BR_A3_20717,0
FP200000542BR_A3_20741,0
FP200000542BR_A3_20752,0
FP200000542BR_A3_20836,0
FP200000542BR_A3_20846,1
FP200000542BR_A3_20899,1
FP200000542BR_A3_21003,0
FP200000542BR_A3_21057,1
FP200000542BR_A3_21073,0
FP200000542BR_A3_21109,0
FP200000542BR_A3_21287,0
FP200000542BR_A3_21307,1
FP200000542BR_A3_21321,0
FP200000542BR_A3_21376,0
FP200000542BR_A3_21379,1
FP200000542BR_A3_21392,4
FP200000542BR_A3_21430,0
FP200000542BR_A3_21447,1
FP200000542BR_A3_21727,0
FP200000542BR_A3_21760,0
FP200000542BR_A3_21812,0
FP200000542BR_A3_21836,0
FP200000542BR_A3_21879,0
FP200000542BR_A3_21906,0
FP200000542BR_A3_21931,0
FP200000542BR_A3_21949,0
FP200000542BR_A3_22049,1
FP200000542BR_A3_22056,0
FP200000542BR_A3_22237,0
FP200000542BR_A3_22245,0
FP200000542BR_A3_22268,1
FP200000542BR_A3_22273,0
FP200000542BR_A3_22378,0
FP200000542BR_A3_22429,0
FP200000542BR_A3_22434,0
FP200000542BR_A3_22478,0
FP200000542BR_A3_22596,1
FP200000542BR_A3_22622,1
FP200000542BR_A3_22650,0
FP200000542BR_A3_22676,0
FP200000542BR_A3_22693,0
FP200000542BR_A3_22878,0
FP200000542BR_A3_22929,0
FP200000542BR_A3_22939,0
FP200000542BR_A3_22998,2
FP200000542BR_A3_23055,0
FP200000542BR_A3_23088,0
FP200000542BR_A3_23089,0
FP200000542BR_A3_23115,0
FP200000542BR_A3_23150,1
FP200000542BR_A3_23161,0
FP200000542BR_A3_23230,1
FP200000542BR_A3_23237,0
FP200000542BR_A3_23299,1
FP200000542BR_A3_23323,0
FP200000542BR_A3_23332,0
FP200000542BR_A3_23359,0
FP200000542BR_A3_23513,0
FP200000542BR_A3_23546,0
FP200000542BR_A3_23627,0
FP200000542BR_A3_23754,1
FP200000542BR_A3_23796,0
FP200000542BR_A3_23807,0
FP200000542BR_A3_23841,0
FP200000542BR_A3_23871,1
FP200000542BR_A3_24021,0
FP200000542BR_A3_24030,4
FP200000542BR_A3_24048,1
FP200000542BR_A3_24112,0
FP200000542BR_A3_24139,0
FP200000542BR_A3_24160,0
FP200000542BR_A3_24249,0
FP200000542BR_A3_24286,2
FP200000542BR_A3_24309,2
FP200000542BR_A3_24352,0
FP200000542BR_A3_24435,0
FP200000542BR_A3_24443,0
FP200000542BR_A3_24526,0
FP200000542BR_A3_24537,4
FP200000542BR_A3_24597,2
FP200000542BR_A3_24651,0
FP200000542BR_A3_24662,0
FP200000542BR_A3_24681,0
FP200000542BR_A3_24682,4
FP200000542BR_A3_24692,0
FP200000542BR_A3_24697,0
FP200000542BR_A3_24783,0
FP200000542BR_A3_24864,0
FP200000542BR_A3_24870,1
FP200000542BR_A3_24900,0
FP200000542BR_A3_24954,0
FP200000542BR_A3_25078,0
FP200000542BR_A3_25087,4
FP200000542BR_A3_25100,0
FP200000542BR_A3_25205,0
FP200000542BR_A3_25262,0
FP200000542BR_A3_25368,0
FP200000542BR_A3_25409,1
FP200000542BR_A3_25414,1
FP200000542BR_A3_25483,0
FP200000542BR_A3_25517,0
FP200000542BR_A3_25543,0
FP200000542BR_A3_25550,0
FP200000542BR_A3_25556,0
FP200000542BR_A3_25597,0
FP200000542BR_A3_25640,0
FP200000542BR_A3_25647,0
FP200000542BR_A3_25699,0
FP200000542BR_A3_25709,0
FP200000542BR_A3_25743,0
FP200000542BR_A3_25823,1
FP200000542BR_A3_25867,0
FP200000542BR_A3_25897,0
FP200000542BR_A3_25934,0
FP200000542BR_A3_26024,0
FP200000542BR_A3_26109,0
FP200000542BR_A3_26112,0
FP200000542BR_A3_26230,0
FP200000542BR_A3_26280,0
FP200000542BR_A3_26322,0
FP200000542BR_A3_26366,0
FP200000542BR_A3_26481,1
FP200000542BR_A3_26486,0
FP200000542BR_A3_26551,0
FP200000542BR_A3_26557,2
FP200000542BR_A3_26578,0
FP200000542BR_A3_26602,0
FP200000542BR_A3_26612,0
FP200000542BR_A3_26655,0
FP200000542BR_A3_26778,0
FP200000542BR_A3_26852,0
FP200000542BR_A3_27092,1
FP200000542BR_A3_27103,0
FP200000542BR_A3_27262,0
FP200000542BR_A3_27413,0
FP200000542BR_A3_27467,0
FP200000542BR_A3_27642,0
FP200000542BR_A3_27779,0
FP200000542BR_A3_28017,0
FP200000542BR_A3_28148,0
FP200000542BR_A3_28399,0
FP200000542BR_A3_28411,0
FP200000542BR_A3_28436,0
FP200000542BR_A3_28497,0
FP200000542BR_A3_28633,0
FP200000542BR_A3_28645,0
FP200000542BR_A3_28698,0
FP200000542BR_A3_28741,3
FP200000542BR_A3_28755,0
FP200000542BR_A3_28841,0
FP200000542BR_A3_29276,0
FP200000542BR_A3_29345,0
FP200000542BR_A3_29366,0
FP200000542BR_A3_29407,0
FP200000542BR_A3_29411,0
FP200000542BR_A3_29523,0
FP200000542BR_A3_29527,0
FP200000542BR_A3_29532,0
FP200000542BR_A3_29534,0
FP200000542BR_A3_29594,0
FP200000542BR_A3_29625,0
FP200000542BR_A3_29647,0
FP200000542BR_A3_29700,0
FP200000542BR_A3_29754,0
FP200000542BR_A3_29780,0
FP200000542BR_A3_29796,0
FP200000542BR_A3_29809,0
FP200000542BR_A3_29833,0
FP200000542BR_A3_29843,0
FP200000542BR_A3_29856,2
FP200000542BR_A3_29934,1
FP200000542BR_A3_30005,1
FP200000542BR_A3_30074,0
FP200000542BR_A3_30081,1
FP200000542BR_A3_30104,0
FP200000542BR_A3_30114,0
FP200000542BR_A3_30174,0
FP200000542BR_A3_30194,0
FP200000542BR_A3_30220,0
FP200000542BR_A3_30221,0
FP200000542BR_A3_30249,0
FP200000542BR_A3_30253,0
FP200000542BR_A3_30274,0
FP200000542BR_A3_30391,0
FP200000542BR_A3_30394,0
FP200000542BR_A3_30413,0
FP200000542BR_A3_30420,0
FP200000542BR_A3_30442,0
FP200000542BR_A3_30448,0
FP200000542BR_A3_30489,0
FP200000542BR_A3_30503,0
FP200000542BR_A3_30561,0
FP200000542BR_A3_30573,0
FP200000542BR_A3_30581,0
FP200000542BR_A3_30604,0
FP200000542BR_A3_30623,0
FP200000542BR_A3_30656,2
FP200000542BR_A3_30672,0
FP200000542BR_A3_30674,0
FP200000542BR_A3_30685,0
FP200000542BR_A3_30702,0
FP200000542BR_A3_30709,0
FP200000542BR_A3_30739,0
FP200000542BR_A3_30824,0
FP200000542BR_A3_30834,3
FP200000542BR_A3_30842,0
FP200000542BR_A3_30865,0
FP200000542BR_A3_30877,0
FP200000542BR_A3_30914,0
FP200000542BR_A3_30916,0
FP200000542BR_A3_31006,0
FP200000542BR_A3_31024,0
FP200000542BR_A3_31092,0
FP200000542BR_A3_31093,0
FP200000542BR_A3_31207,0
FP200000542BR_A3_31303,0
FP200000542BR_A3_31307,2
FP200000542BR_A3_31320,0
FP200000542BR_A3_31348,0
FP200000542BR_A3_31351,1
FP200000542BR_A3_31369,0
FP200000542BR_A3_31370,0
FP200000542BR_A3_31437,0
FP200000542BR_A3_31471,0
FP200000542BR_A3_31537,2
FP200000542BR_A3_31600,0
FP200000542BR_A3_31656,0
FP200000542BR_A3_31733,0
FP200000542BR_A3_31774,0
FP200000542BR_A3_31815,0
FP200000542BR_A3_31864,0
FP200000542BR_A3_31870,0
FP200000542BR_A3_31901,0
FP200000542BR_A3_31924,2
FP200000542BR_A3_31925,2
FP200000542BR_A3_32021,1
FP200000542BR_A3_32130,0
FP200000542BR_A3_32155,0
FP200000542BR_A3_32176,0
FP200000542BR_A3_32214,0
FP200000542BR_A3_32260,0
FP200000542BR_A3_32371,1
FP200000542BR_A3_32453,0
FP200000542BR_A3_32473,1
FP200000542BR_A3_32478,0
FP200000542BR_A3_32535,0
FP200000542BR_A3_32562,1
FP200000542BR_A3_32573,0
FP200000542BR_A3_32644,0
FP200000542BR_A3_32667,0
FP200000542BR_A3_32677,0
FP200000542BR_A3_32699,0
FP200000542BR_A3_32700,0
FP200000542BR_A3_32799,0
FP200000542BR_A3_32877,0
FP200000542BR_A3_32894,3
FP200000542BR_A3_32938,0
FP200000542BR_A3_32943,0
FP200000542BR_A3_32998,0
FP200000542BR_A3_33020,1
FP200000542BR_A3_33172,0
FP200000542BR_A3_33190,0
FP200000542BR_A3_33204,0
FP200000542BR_A3_33215,0
FP200000542BR_A3_33220,2
FP200000542BR_A3_33247,0
FP200000542BR_A3_33427,0
FP200000542BR_A3_33434,1
FP200000542BR_A3_33518,0
FP200000542BR_A3_33564,1
FP200000542BR_A3_33572,0
FP200000542BR_A3_33602,0
FP200000542BR_A3_33660,0
FP200000542BR_A3_33683,0
FP200000542BR_A3_33821,0
FP200000542BR_A3_33822,0
FP200000542BR_A3_33827,0
FP200000542BR_A3_33845,0
FP200000542BR_A3_34026,0
FP200000542BR_A3_34039,0
FP200000542BR_A3_34061,1
FP200000542BR_A3_34210,0
FP200000542BR_A3_34247,0
FP200000542BR_A3_34279,1
FP200000542BR_A3_34284,1
FP200000542BR_A3_34479,0
FP200000542BR_A3_34488,1
FP200000542BR_A3_34541,0
FP200000542BR_A3_34542,0
FP200000542BR_A3_34560,0
FP200000542BR_A3_34570,0
FP200000542BR_A3_34603,1
FP200000542BR_A3_34649,1
FP200000542BR_A3_34672,0
FP200000542BR_A3_34711,0
FP200000542BR_A3_34750,0
FP200000542BR_A3_34912,0
FP200000542BR_A3_34919,0
FP200000542BR_A3_34954,1
FP200000542BR_A3_34999,0
FP200000542BR_A3_35044,0
FP200000542BR_A3_35097,0
FP200000542BR_A3_35193,0
FP200000542BR_A3_35251,0
FP200000542BR_A3_35281,0
FP200000542BR_A3_35285,1
FP200000542BR_A3_35342,0
FP200000542BR_A3_35427,0
FP200000542BR_A3_35464,1
FP200000542BR_A3_35508,0
FP200000542BR_A3_35635,0
FP200000542BR_A3_35636,0
FP200000542BR_A3_35792,0
FP200000542BR_A3_36207,0
FP200000542BR_A3_36341,0
FP200000542BR_A3_36374,0
FP200000542BR_A3_36401,0
FP200000542BR_A3_36474,0
FP200000542BR_A3_36634,0
FP200000542BR_A3_36638,0
FP200000542BR_A3_36766,0
FP200000542BR_A3_37314,1
FP200000542BR_A3_37360,0
FP200000542BR_A3_37563,2
FP200000542BR_A3_37646,0
FP200000542BR_A3_37762,0
FP200000542BR_A3_37813,0
FP200000542BR_A3_37814,0
FP200000542BR_A3_37827,0
FP200000542BR_A3_37897,0
FP200000542BR_A3_37980,0
FP200000542BR_A3_37982,0
FP200000542BR_A3_38036,4
FP200000542BR_A3_38089,0
FP200000542BR_A3_38099,0
FP200000542BR_A3_38179,0
FP200000542BR_A3_38240,0
FP200000542BR_A3_39053,1
FP200000542BR_A3_39316,1
FP200000542BR_A3_39746,0
FP200000542BR_A3_39823,2
FP200000542BR_F3_14580,0
FP200000542BR_F3_15468,0
FP200000542BR_F3_15789,0
FP200000542BR_F3_16853,0
FP200000542BR_F3_16914,0
FP200000542BR_F3_17013,0
FP200000542BR_F3_17040,1
FP200000542BR_F3_17079,0
FP200000542BR_F3_17143,0
FP200000542BR_F3_17207,0
FP200000542BR_F3_17305,0
FP200000542BR_F3_17611,0
FP200000542BR_F3_18260,0
FP200000542BR_F3_18372,0
FP200000542BR_F3_18670,0
FP200000542BR_F3_18916,0
FP200000542BR_F3_19065,0
FP200000542BR_F3_19166,0
FP200000542BR_F3_19585,0
FP200000542BR_F3_19674,1
FP200000542BR_F3_19971,0
FP200000542BR_F3_19972,0
FP200000542BR_F3_19977,0
FP200000542BR_F3_20070,0
FP200000542BR_F3_20125,0
FP200000542BR_F3_20146,0
FP200000542BR_F3_20205,0
FP200000542BR_F3_20286,1
FP200000542BR_F3_20308,0
FP200000542BR_F3_20313,0
FP200000542BR_F3_20517,0
FP200000542BR_F3_20528,0
FP200000542BR_F3_20574,0
FP200000542BR_F3_20584,0
FP200000542BR_F3_20636,0
FP200000542BR_F3_20670,1
FP200000542BR_F3_20675,0
FP200000542BR_F3_20798,0
FP200000542BR_F3_20823,0
FP200000542BR_F3_20835,3
FP200000542BR_F3_20845,0
FP200000542BR_F3_20899,0
FP200000542BR_F3_20920,0
FP200000542BR_F3_20956,0
FP200000542BR_F3_21038,0
FP200000542BR_F3_21114,1
FP200000542BR_F3_21170,0
FP200000542BR_F3_21240,0
FP200000542BR_F3_21359,0
FP200000542BR_F3_21377,0
FP200000542BR_F3_21402,3
FP200000542BR_F3_21404,0
FP200000542BR_F3_21441,0
FP200000542BR_F3_21476,2
FP200000542BR_F3_21607,1
FP200000542BR_F3_21654,0
FP200000542BR_F3_21704,0
FP200000542BR_F3_21706,0
FP200000542BR_F3_21848,0
FP200000542BR_F3_21861,0
FP200000542BR_F3_21946,0
FP200000542BR_F3_21972,0
FP200000542BR_F3_21976,0
FP200000542BR_F3_22083,0
FP200000542BR_F3_22133,1
FP200000542BR_F3_22141,0
FP200000542BR_F3_22232,0
FP200000542BR_F3_22238,1
FP200000542BR_F3_22332,0
FP200000542BR_F3_22367,0
FP200000542BR_F3_22394,0
FP200000542BR_F3_22427,0
FP200000542BR_F3_22444,0
FP200000542BR_F3_22487,0
FP200000542BR_F3_22510,0
FP200000542BR_F3_22514,1
FP200000542BR_F3_22515,0
FP200000542BR_F3_22578,0
FP200000542BR_F3_22587,0
FP200000542BR_F3_22613,0
FP200000542BR_F3_22668,0
FP200000542BR_F3_22715,1
FP200000542BR_F3_22722,0
FP200000542BR_F3_22832,0
FP200000542BR_F3_22863,0
FP200000542BR_F3_22908,0
FP200000542BR_F3_23005,0
FP200000542BR_F3_23145,0
FP200000542BR_F3_23198,0
FP200000542BR_F3_23210,0
FP200000542BR_F3_23234,0
FP200000542BR_F3_23336,0
FP200000542BR_F3_23345,2
FP200000542BR_F3_23351,0
FP200000542BR_F3_23371,0
FP200000542BR_F3_23375,1
FP200000542BR_F3_23405,0
FP200000542BR_F3_23483,0
FP200000542BR_F3_23547,2
FP200000542BR_F3_23564,0
FP200000542BR_F3_23659,1
FP200000542BR_F3_23688,0
FP200000542BR_F3_23692,1
FP200000542BR_F3_23693,0
FP200000542BR_F3_23727,0
FP200000542BR_F3_23782,0
FP200000542BR_F3_23817,0
FP200000542BR_F3_23853,1
FP200000542BR_F3_23874,1
FP200000542BR_F3_23912,1
FP200000542BR_F3_23925,0
FP200000542BR_F3_23930,0
FP200000542BR_F3_23931,0
FP200000542BR_F3_23943,0
FP200000542BR_F3_24023,0
FP200000542BR_F3_24027,0
FP200000542BR_F3_24098,3
FP200000542BR_F3_24164,0
FP200000542BR_F3_24182,0
FP200000542BR_F3_24201,0
FP200000542BR_F3_24216,0
FP200000542BR_F3_24230,0
FP200000542BR_F3_24261,0
FP200000542BR_F3_24325,0
FP200000542BR_F3_24331,0
FP200000542BR_F3_24340,0
FP200000542BR_F3_24361,0
FP200000542BR_F3_24409,0
FP200000542BR_F3_24425,0
FP200000542BR_F3_24486,0
FP200000542BR_F3_24503,0
FP200000542BR_F3_24580,2
FP200000542BR_F3_24707,1
FP200000542BR_F3_24724,0
FP200000542BR_F3_24756,0
FP200000542BR_F3_24758,0
FP200000542BR_F3_24792,0
FP200000542BR_F3_24799,0
FP200000542BR_F3_24929,0
FP200000542BR_F3_24969,0
FP200000542BR_F3_25012,0
FP200000542BR_F3_25013,0
FP200000542BR_F3_25035,0
FP200000542BR_F3_25116,0
FP200000542BR_F3_25121,0
FP200000542BR_F3_25135,0
FP200000542BR_F3_25186,1
FP200000542BR_F3_25280,0
FP200000542BR_F3_25281,1
FP200000542BR_F3_25283,0
FP200000542BR_F3_25295,0
FP200000542BR_F3_25396,0
FP200000542BR_F3_25440,1
FP200000542BR_F3_25467,0
FP200000542BR_F3_25517,0
FP200000542BR_F3_25737,0
FP200000542BR_F3_25750,0
FP200000542BR_F3_25955,0
FP200000542BR_F3_25966,0
FP200000542BR_F3_25985,0
FP200000542BR_F3_26160,1
FP200000542BR_F3_26168,0
FP200000542BR_F3_26182,0
FP200000542BR_F3_26254,0
FP200000542BR_F3_26326,0
FP200000542BR_F3_26502,0
FP200000542BR_F3_26512,0
FP200000542BR_F3_26539,0
FP200000542BR_F3_26589,0
FP200000542BR_F3_26698,0
FP200000542BR_F3_26800,1
FP200000542BR_F3_26805,0
FP200000542BR_F3_26983,0
FP200000542BR_F3_27195,0
FP200000542BR_F3_27237,0
FP200000542BR_F3_27319,0
FP200000542BR_F3_27498,0
FP200000542BR_F3_27611,0
FP200000542BR_F3_27650,0
FP200000542BR_F3_27666,0
FP200000542BR_F3_27669,0
FP200000542BR_F3_27874,0
FP200000542BR_F3_27882,0
FP200000542BR_F3_27919,0
FP200000542BR_F3_28046,1
FP200000542BR_F3_28225,0
FP200000542BR_F3_28237,0
FP200000542BR_F3_28295,1
FP200000542BR_F3_28343,0
FP200000542BR_F3_28354,0
FP200000542BR_F3_28406,0
FP200000542BR_F3_28473,1
FP200000542BR_F3_28586,0
FP200000542BR_F3_28591,0
FP200000542BR_F3_28601,0
FP200000542BR_F3_28757,0
FP200000542BR_F3_28767,0
FP200000542BR_F3_28772,0
FP200000542BR_F3_28786,0
FP200000542BR_F3_28892,0
FP200000542BR_F3_28943,0
FP200000542BR_F3_28952,0
FP200000542BR_F3_29087,0
FP200000542BR_F3_29118,0
FP200000542BR_F3_29213,0
FP200000542BR_F3_29214,1
FP200000542BR_F3_29291,0
FP200000542BR_F3_29297,0
FP200000542BR_F3_29315,0
FP200000542BR_F3_29316,0
FP200000542BR_F3_29354,0
FP200000542BR_F3_29355,0
FP200000542BR_F3_29392,1
FP200000542BR_F3_29427,0
FP200000542BR_F3_29483,0
FP200000542BR_F3_29622,0
FP200000542BR_F3_29639,0
FP200000542BR_F3_29649,0
FP200000542BR_F3_29685,0
FP200000542BR_F3_29716,0
FP200000542BR_F3_29735,0
FP200000542BR_F3_29799,0
FP200000542BR_F3_29813,0
FP200000542BR_F3_29913,0
FP200000542BR_F3_29914,0
FP200000542BR_F3_29927,0
FP200000542BR_F3_29988,1
FP200000542BR_F3_30000,0
FP200000542BR_F3_30036,0
FP200000542BR_F3_30063,0
FP200000542BR_F3_30140,0
FP200000542BR_F3_30217,0
FP200000542BR_F3_30256,0
FP200000542BR_F3_30293,0
FP200000542BR_F3_30362,2
FP200000542BR_F3_30380,5
FP200000542BR_F3_30414,0
FP200000542BR_F3_30420,1
FP200000542BR_F3_30455,0
FP200000542BR_F3_30470,0
FP200000542BR_F3_30475,0
FP200000542BR_F3_30493,0
FP200000542BR_F3_30597,0
FP200000542BR_F3_30715,1
FP200000542BR_F3_30766,1
FP200000542BR_F3_30771,0
FP200000542BR_F3_30857,0
FP200000542BR_F3_30965,0
FP200000542BR_F3_30966,0
FP200000542BR_F3_30974,0
FP200000542BR_F3_31017,0
FP200000542BR_F3_31025,1
FP200000542BR_F3_31067,0
FP200000542BR_F3_31080,0
FP200000542BR_F3_31145,0
FP200000542BR_F3_31176,0
FP200000542BR_F3_31197,0
FP200000542BR_F3_31265,0
FP200000542BR_F3_31302,0
FP200000542BR_F3_31303,2
FP200000542BR_F3_31394,0
FP200000542BR_F3_31421,0
FP200000542BR_F3_31479,1
FP200000542BR_F3_31485,0
FP200000542BR_F3_31517,0
FP200000542BR_F3_31557,0
FP200000542BR_F3_31580,0
FP200000542BR_F3_31649,1
FP200000542BR_F3_31691,0
FP200000542BR_F3_31717,0
FP200000542BR_F3_31725,0
FP200000542BR_F3_31807,1
FP200000542BR_F3_31833,0
FP200000542BR_F3_31918,0
FP200000542BR_F3_31993,0
FP200000542BR_F3_32011,0
FP200000542BR_F3_32089,4
FP200000542BR_F3_32131,0
FP200000542BR_F3_32226,0
FP200000542BR_F3_32315,0
FP200000542BR_F3_32339,0
FP200000542BR_F3_32340,0
FP200000542BR_F3_32361,0
FP200000542BR_F3_32409,0
FP200000542BR_F3_32509,4
FP200000542BR_F3_32513,0
FP200000542BR_F3_32521,0
FP200000542BR_F3_32604,2
FP200000542BR_F3_32608,0
FP200000542BR_F3_32676,0
FP200000542BR_F3_32684,0
FP200000542BR_F3_32751,0
FP200000542BR_F3_32972,1
FP200000542BR_F3_32989,0
FP200000542BR_F3_33221,0
FP200000542BR_F3_33376,1
FP200000542BR_F3_33787,0
FP200000542BR_F3_33862,0
FP200000542BR_F3_33976,0
FP200000542BR_F3_34300,0
FP200000542BR_F3_34310,0
FP200000542BR_F3_34375,1
FP200000542BR_F3_34385,0
FP200000542BR_F3_34426,0
FP200000542BR_F3_34602,0
FP200000542BR_F3_34744,0
FP200000542BR_F3_34865,0
FP200000542BR_F3_34955,1
FP200000542BR_F3_35102,1
FP200000542BR_F3_35195,4
FP200000542BR_F3_35283,0
FP200000542BR_F3_35328,0
FP200000542BR_F3_35354,0
FP200000542BR_F3_35386,0
FP200000542BR_F3_35427,0
FP200000542BR_F3_35440,1
FP200000542BR_F3_36049,0
FP200000542BR_F3_36382,1
FP200000542BR_F3_36475,0
FP200000542BR_F3_36771,1
FP200000542BR_F3_36909,0
FP200000542BR_F3_36958,0
FP200000542BR_F3_37252,0
FP200000542BR_F3_37304,0
FP200000542BR_F3_38557,0
FP200000542BR_F3_38720,0
FP200000542BR_F3_38904,0
FP200000578TR_C3_18299,0
FP200000578TR_C3_18721,0
FP200000578TR_C3_21141,0
FP200000578TR_C3_25435,1
FP200000578TR_C3_25960,0
FP200000578TR_C3_26630,1
FP200000578TR_C3_27509,0
FP200000578TR_C3_27638,1
FP200000578TR_C3_27891,0
FP200000578TR_C3_27932,0
FP200000578TR_C3_27934,0
FP200000578TR_C3_27951,4
FP200000578TR_C3_28638,0
FP200000578TR_C3_28713,5
FP200000578TR_C3_28876,0
FP200000578TR_C3_28918,2
FP200000578TR_C3_28988,0
FP200000578TR_C3_29038,0
FP200000578TR_C3_29057,0
FP200000578TR_C3_29208,0
FP200000578TR_C3_29297,2
FP200000578TR_C3_29363,1
FP200000578TR_C3_29450,2
FP200000578TR_C3_29541,0
FP200000578TR_C3_29607,2
FP200000578TR_C3_29643,0
FP200000578TR_C3_29704,0
FP200000578TR_C3_29712,0
FP200000578TR_C3_29744,0
FP200000578TR_C3_29763,0
FP200000578TR_C3_29858,0
FP200000578TR_C3_29860,1
FP200000578TR_C3_29901,0
FP200000578TR_C3_29943,3
FP200000578TR_C3_29984,0
FP200000578TR_C3_30033,0
FP200000578TR_C3_30101,0
FP200000578TR_C3_30107,0
FP200000578TR_C3_30109,0
FP200000578TR_C3_30147,0
FP200000578TR_C3_30153,0
FP200000578TR_C3_30195,2
FP200000578TR_C3_30204,0
FP200000578TR_C3_30253,0
FP200000578TR_C3_30305,0
FP200000578TR_C3_30310,0
FP200000578TR_C3_30312,0
FP200000578TR_C3_30355,3
FP200000578TR_C3_30437,0
FP200000578TR_C3_30449,0
FP200000578TR_C3_30475,0
FP200000578TR_C3_30488,3
FP200000578TR_C3_30494,0
FP200000578TR_C3_30544,0
FP200000578TR_C3_30580,0
FP200000578TR_C3_30584,0
FP200000578TR_C3_30675,0
FP200000578TR_C3_30698,0
FP200000578TR_C3_30710,1
FP200000578TR_C3_30720,0
FP200000578TR_C3_30724,1
FP200000578TR_C3_30759,0
FP200000578TR_C3_30761,1
FP200000578TR_C3_30780,1
FP200000578TR_C3_30787,1
FP200000578TR_C3_30796,0
FP200000578TR_C3_30921,1
FP200000578TR_C3_30936,0
FP200000578TR_C3_30950,1
FP200000578TR_C3_31049,0
FP200000578TR_C3_31083,1
FP200000578TR_C3_31110,0
FP200000578TR_C3_31168,0
FP200000578TR_C3_31218,4
FP200000578TR_C3_31229,4
FP200000578TR_C3_31244,0
FP200000578TR_C3_31264,1
FP200000578TR_C3_31268,0
FP200000578TR_C3_31278,0
FP200000578TR_C3_31310,0
FP200000578TR_C3_31314,0
FP200000578TR_C3_31377,0
FP200000578TR_C3_31390,0
FP200000578TR_C3_31407,4
FP200000578TR_C3_31417,0
FP200000578TR_C3_31424,0
FP200000578TR_C3_31427,2
FP200000578TR_C3_31444,0
FP200000578TR_C3_31468,0
FP200000578TR_C3_31480,0
FP200000578TR_C3_31487,0
FP200000578TR_C3_31498,0
FP200000578TR_C3_31517,0
FP200000578TR_C3_31534,0
FP200000578TR_C3_31556,0
FP200000578TR_C3_31574,3
FP200000578TR_C3_31596,0
FP200000578TR_C3_31624,0
FP200000578TR_C3_31667,0
FP200000578TR_C3_31668,0
FP200000578TR_C3_31670,2
FP200000578TR_C3_31709,0
FP200000578TR_C3_31724,0
FP200000578TR_C3_31730,0
FP200000578TR_C3_31768,0
FP200000578TR_C3_31769,0
FP200000578TR_C3_31841,0
FP200000578TR_C3_31846,1
FP200000578TR_C3_31860,0
FP200000578TR_C3_31871,0
FP200000578TR_C3_31878,1
FP200000578TR_C3_31879,0
FP200000578TR_C3_31896,0
FP200000578TR_C3_31924,0
FP200000578TR_C3_31953,1
FP200000578TR_C3_31956,0
FP200000578TR_C3_31973,0
FP200000578TR_C3_31997,1
FP200000578TR_C3_32024,1
FP200000578TR_C3_32044,0
FP200000578TR_C3_32046,0
FP200000578TR_C3_32069,1
FP200000578TR_C3_32072,0
FP200000578TR_C3_32079,3
FP200000578TR_C3_32133,1
FP200000578TR_C3_32135,0
FP200000578TR_C3_32160,2
FP200000578TR_C3_32172,0
FP200000578TR_C3_32176,0
FP200000578TR_C3_32179,1
FP200000578TR_C3_32198,0
FP200000578TR_C3_32216,0
FP200000578TR_C3_32223,1
FP200000578TR_C3_32242,1
FP200000578TR_C3_32270,0
FP200000578TR_C3_32280,2
FP200000578TR_C3_32289,0
FP200000578TR_C3_32312,0
FP200000578TR_C3_32333,0
FP200000578TR_C3_32349,0
FP200000578TR_C3_32356,0
FP200000578TR_C3_32366,1
FP200000578TR_C3_32377,0
FP200000578TR_C3_32389,0
FP200000578TR_C3_32406,0
FP200000578TR_C3_32423,0
FP200000578TR_C3_32425,0
FP200000578TR_C3_32451,0
FP200000578TR_C3_32458,2
FP200000578TR_C3_32474,0
FP200000578TR_C3_32482,0
FP200000578TR_C3_32484,0
FP200000578TR_C3_32521,0
FP200000578TR_C3_32551,0
FP200000578TR_C3_32589,0
FP200000578TR_C3_32603,0
FP200000578TR_C3_32674,0
FP200000578TR_C3_32719,1
FP200000578TR_C3_32737,1
FP200000578TR_C3_32738,3
FP200000578TR_C3_32800,6
FP200000578TR_C3_32884,0
FP200000578TR_C3_32895,0
FP200000578TR_C3_32909,0
FP200000578TR_C3_32925,0
FP200000578TR_C3_32979,0
FP200000578TR_C3_33019,1
FP200000578TR_C3_33020,4
FP200000578TR_C3_33028,2
FP200000578TR_C3_33030,0
FP200000578TR_C3_33078,0
FP200000578TR_C3_33096,0
FP200000578TR_C3_33116,0
FP200000578TR_C3_33162,0
FP200000578TR_C3_33189,0
FP200000578TR_C3_33192,1
FP200000578TR_C3_33216,2
FP200000578TR_C3_33222,1
FP200000578TR_C3_33306,0
FP200000578TR_C3_33323,0
FP200000578TR_C3_33357,0
FP200000578TR_C3_33383,0
FP200000578TR_C3_33399,0
FP200000578TR_C3_33415,0
FP200000578TR_C3_33432,0
FP200000578TR_C3_33454,0
FP200000578TR_C3_33471,0
FP200000578TR_C3_33481,0
FP200000578TR_C3_33489,0
FP200000578TR_C3_33528,0
FP200000578TR_C3_33554,0
FP200000578TR_C3_33559,2
FP200000578TR_C3_33591,0
FP200000578TR_C3_33625,0
FP200000578TR_C3_33626,0
FP200000578TR_C3_33675,0
FP200000578TR_C3_33684,0
FP200000578TR_C3_33705,0
FP200000578TR_C3_33739,2
FP200000578TR_C3_33784,0
FP200000578TR_C3_33807,0
FP200000578TR_C3_33834,0
FP200000578TR_C3_33835,0
FP200000578TR_C3_33840,0
FP200000578TR_C3_33902,0
FP200000578TR_C3_33939,0
FP200000578TR_C3_33979,1
FP200000578TR_C3_34020,0
FP200000578TR_C3_34073,0
FP200000578TR_C3_34076,0
FP200000578TR_C3_34081,0
FP200000578TR_C3_34093,0
FP200000578TR_C3_34098,0
FP200000578TR_C3_34106,0
FP200000578TR_C3_34128,0
FP200000578TR_C3_34146,0
FP200000578TR_C3_34201,0
FP200000578TR_C3_34239,0
FP200000578TR_C3_34243,5
FP200000578TR_C3_34262,0
FP200000578TR_C3_34277,0
FP200000578TR_C3_34278,1
FP200000578TR_C3_34279,1
FP200000578TR_C3_34304,0
FP200000578TR_C3_34313,0
FP200000578TR_C3_34345,0
FP200000578TR_C3_34393,0
FP200000578TR_C3_34433,1
FP200000578TR_C3_34434,1
FP200000578TR_C3_34456,0
FP200000578TR_C3_34467,0
FP200000578TR_C3_34543,0
FP200000578TR_C3_34552,2
FP200000578TR_C3_34578,0
FP200000578TR_C3_34594,1
FP200000578TR_C3_34627,0
FP200000578TR_C3_34752,0
FP200000578TR_C3_34975,1
FP200000578TR_C3_35066,0
FP200000578TR_C3_35121,0
FP200000578TR_C3_35179,0
FP200000578TR_C3_35257,0
FP200000578TR_C3_35266,0
FP200000578TR_C3_35379,0
FP200000578TR_C3_35423,0
FP200000578TR_C3_35486,0
FP200000578TR_C3_35694,0
FP200000578TR_C3_35817,0
FP200000542BR_F4_16501,0
FP200000542BR_F4_17182,0
FP200000542BR_F4_17644,0
FP200000542BR_F4_17817,1
FP200000542BR_F4_18282,0
FP200000542BR_F4_18468,3
FP200000542BR_F4_18691,0
FP200000542BR_F4_18788,0
FP200000542BR_F4_19229,0
FP200000542BR_F4_19518,0
FP200000542BR_F4_19671,0
FP200000542BR_F4_19691,2
FP200000542BR_F4_19885,0
FP200000542BR_F4_19959,0
FP200000542BR_F4_20226,1
FP200000542BR_F4_20966,0
FP200000542BR_F4_21143,0
FP200000542BR_F4_21250,0
FP200000542BR_F4_21321,0
FP200000542BR_F4_21457,0
FP200000542BR_F4_21485,1
FP200000542BR_F4_21799,0
FP200000542BR_F4_22247,0
FP200000542BR_F4_22271,0
FP200000542BR_F4_22593,1
FP200000542BR_F4_22751,1
FP200000542BR_F4_22829,0
FP200000542BR_F4_23054,1
FP200000542BR_F4_23118,3
FP200000542BR_F4_23331,0
FP200000542BR_F4_23420,0
FP200000542BR_F4_23460,1
FP200000542BR_F4_23668,0
FP200000542BR_F4_23883,0
FP200000542BR_F4_23911,0
FP200000542BR_F4_23980,0
FP200000542BR_F4_24089,2
FP200000542BR_F4_24099,0
FP200000542BR_F4_24213,0
FP200000542BR_F4_24410,0
FP200000542BR_F4_24638,3
FP200000542BR_F4_24778,0
FP200000542BR_F4_24867,1
FP200000542BR_F4_24936,0
FP200000542BR_F4_25006,1
FP200000542BR_F4_25065,0
FP200000542BR_F4_25067,0
FP200000542BR_F4_25083,0
FP200000542BR_F4_25104,0
FP200000542BR_F4_25113,0
FP200000542BR_F4_25119,0
FP200000542BR_F4_25129,0
FP200000542BR_F4_25314,0
FP200000542BR_F4_25315,0
FP200000542BR_F4_25333,0
FP200000542BR_F4_25374,0
FP200000542BR_F4_25465,0
FP200000542BR_F4_25472,1
FP200000542BR_F4_25559,0
FP200000542BR_F4_25773,0
FP200000542BR_F4_25786,1
FP200000542BR_F4_25809,0
FP200000542BR_F4_25854,1
FP200000542BR_F4_25855,1
FP200000542BR_F4_26176,0
FP200000542BR_F4_26458,0
FP200000542BR_F4_26479,1
FP200000542BR_F4_26586,2
FP200000542BR_F4_26619,0
FP200000542BR_F4_26635,0
FP200000542BR_F4_26852,0
FP200000542BR_F4_26855,2
FP200000542BR_F4_27000,0
FP200000542BR_F4_27131,0
FP200000542BR_F4_27210,0
FP200000542BR_F4_27228,0
FP200000542BR_F4_27239,0
FP200000542BR_F4_27326,0
FP200000542BR_F4_27430,0
FP200000542BR_F4_27550,0
FP200000542BR_F4_27598,1
FP200000542BR_F4_27651,0
FP200000542BR_F4_27702,1
FP200000542BR_F4_27729,0
FP200000542BR_F4_27749,0
FP200000542BR_F4_27823,1
FP200000542BR_F4_27836,0
FP200000542BR_F4_27902,0
FP200000542BR_F4_28034,0
FP200000542BR_F4_28053,0
FP200000542BR_F4_28094,0
FP200000542BR_F4_28120,0
FP200000542BR_F4_28184,0
FP200000542BR_F4_28208,3
FP200000542BR_F4_28334,0
FP200000542BR_F4_28374,0
FP200000542BR_F4_28410,0
FP200000542BR_F4_28419,0
FP200000542BR_F4_28450,1
FP200000542BR_F4_28507,0
FP200000542BR_F4_28547,2
FP200000542BR_F4_28587,0
FP200000542BR_F4_28602,0
FP200000542BR_F4_28606,0
FP200000542BR_F4_28658,0
FP200000542BR_F4_28715,0
FP200000542BR_F4_28812,1
FP200000542BR_F4_28841,0
FP200000542BR_F4_28915,0
FP200000542BR_F4_28964,0
FP200000542BR_F4_28997,0
FP200000542BR_F4_29006,0
FP200000542BR_F4_29094,1
FP200000542BR_F4_29107,0
FP200000542BR_F4_29127,0
FP200000542BR_F4_29137,1
FP200000542BR_F4_29147,0
FP200000542BR_F4_29172,0
FP200000542BR_F4_29173,0
FP200000542BR_F4_29200,0
FP200000542BR_F4_29221,0
FP200000542BR_F4_29266,0
FP200000542BR_F4_29348,0
FP200000542BR_F4_29368,3
FP200000542BR_F4_29445,0
FP200000542BR_F4_29468,0
FP200000542BR_F4_29482,0
FP200000542BR_F4_29552,0
FP200000542BR_F4_29559,0
FP200000542BR_F4_29627,0
FP200000542BR_F4_29657,0
FP200000542BR_F4_29714,0
FP200000542BR_F4_29721,0
FP200000542BR_F4_29825,0
FP200000542BR_F4_29917,0
FP200000542BR_F4_29966,0
FP200000542BR_F4_29970,0
FP200000542BR_F4_30008,1
FP200000542BR_F4_30011,0
FP200000542BR_F4_30044,1
FP200000542BR_F4_30057,0
FP200000542BR_F4_30091,1
FP200000542BR_F4_30099,2
FP200000542BR_F4_30107,0
FP200000542BR_F4_30163,0
FP200000542BR_F4_30258,1
FP200000542BR_F4_30317,1
FP200000542BR_F4_30340,0
FP200000542BR_F4_30399,1
FP200000542BR_F4_30408,0
FP200000542BR_F4_30448,0
FP200000542BR_F4_30495,0
FP200000542BR_F4_30520,0
FP200000542BR_F4_30530,0
FP200000542BR_F4_30622,2
FP200000542BR_F4_30682,0
FP200000542BR_F4_30730,0
FP200000542BR_F4_30766,0
FP200000542BR_F4_30817,0
FP200000542BR_F4_30917,1
FP200000542BR_F4_30948,1
FP200000542BR_F4_31038,0
FP200000542BR_F4_31045,0
FP200000542BR_F4_31074,0
FP200000542BR_F4_31198,0
FP200000542BR_F4_31379,0
FP200000542BR_F4_31386,0
FP200000542BR_F4_31431,0
FP200000542BR_F4_31532,0
FP200000542BR_F4_31837,0
FP200000542BR_F4_31847,0
FP200000542BR_F4_31965,1
FP200000542BR_F4_31977,0
FP200000542BR_F4_31991,0
FP200000542BR_F4_32105,0
FP200000542BR_F4_32181,0
FP200000542BR_F4_32217,1
FP200000542BR_F4_32341,0
FP200000542BR_F4_32363,0
FP200000542BR_F4_32378,0
FP200000542BR_F4_32490,0
FP200000542BR_F4_32494,0
FP200000542BR_F4_32524,0
FP200000542BR_F4_32544,1
FP200000542BR_F4_32545,1
FP200000542BR_F4_32569,0
FP200000542BR_F4_32583,1
FP200000542BR_F4_32634,0
FP200000542BR_F4_32637,0
FP200000542BR_F4_32680,2
FP200000542BR_F4_32725,0
FP200000542BR_F4_32763,0
FP200000542BR_F4_32779,1
FP200000542BR_F4_32782,0
FP200000542BR_F4_32787,2
FP200000542BR_F4_32834,2
FP200000542BR_F4_32948,1
FP200000542BR_F4_32961,0
FP200000542BR_F4_32969,0
FP200000542BR_F4_32975,1
FP200000542BR_F4_33012,0
FP200000542BR_F4_33024,0
FP200000542BR_F4_33036,0
FP200000542BR_F4_33055,1
FP200000542BR_F4_33062,1
FP200000542BR_F4_33168,0
FP200000542BR_F4_33172,1
FP200000542BR_F4_33195,0
FP200000542BR_F4_33201,0
FP200000542BR_F4_33219,0
FP200000542BR_F4_33256,1
FP200000542BR_F4_33272,0
FP200000542BR_F4_33286,0
FP200000542BR_F4_33290,0
FP200000542BR_F4_33325,0
FP200000542BR_F4_33336,1
FP200000542BR_F4_33390,0
FP200000542BR_F4_33399,0
FP200000542BR_F4_33411,0
FP200000542BR_F4_33467,0
FP200000542BR_F4_33499,0
FP200000542BR_F4_33548,0
FP200000542BR_F4_33616,1
FP200000542BR_F4_33654,0
FP200000542BR_F4_33711,0
FP200000542BR_F4_33739,1
FP200000542BR_F4_33792,1
FP200000542BR_F4_33810,0
FP200000542BR_F4_33856,0
FP200000542BR_F4_33890,1
FP200000542BR_F4_33895,1
FP200000542BR_F4_33901,2
FP200000542BR_F4_33907,0
FP200000542BR_F4_33953,0
FP200000542BR_F4_33966,0
FP200000542BR_F4_33983,0
FP200000542BR_F4_34054,0
FP200000542BR_F4_34078,0
FP200000542BR_F4_34085,0
FP200000542BR_F4_34094,0
FP200000542BR_F4_34138,0
FP200000542BR_F4_34166,0
FP200000542BR_F4_34200,0
FP200000542BR_F4_34201,1
FP200000542BR_F4_34246,0
FP200000542BR_F4_34282,1
FP200000542BR_F4_34289,0
FP200000542BR_F4_34342,0
FP200000542BR_F4_34350,0
FP200000542BR_F4_34406,0
FP200000542BR_F4_34409,0
FP200000542BR_F4_34445,0
FP200000542BR_F4_34453,1
FP200000542BR_F4_34471,0
FP200000542BR_F4_34494,1
FP200000542BR_F4_34534,0
FP200000542BR_F4_34565,0
FP200000542BR_F4_34575,0
FP200000542BR_F4_34576,2
FP200000542BR_F4_34597,0
FP200000542BR_F4_34635,1
FP200000542BR_F4_34667,0
FP200000542BR_F4_34742,0
FP200000542BR_F4_34784,0
FP200000542BR_F4_34785,1
FP200000542BR_F4_34799,3
FP200000542BR_F4_34815,3
FP200000542BR_F4_34830,0
FP200000542BR_F4_34875,4
FP200000542BR_F4_34888,0
FP200000542BR_F4_34917,1
FP200000542BR_F4_35263,0
FP200000542BR_F4_35329,0
FP200000542BR_F4_35428,0
FP200000542BR_F4_35493,0
FP200000542BR_F4_35511,0
FP200000542BR_F4_35547,0
FP200000542BR_F4_35572,0
FP200000542BR_F4_35599,1
FP200000542BR_F4_35611,0
FP200000542BR_F4_35671,0
FP200000542BR_F4_35675,0
FP200000542BR_F4_35740,1
FP200000542BR_F4_35757,0
FP200000542BR_F4_35807,0
FP200000542BR_F4_35821,0
FP200000542BR_F4_35849,0
FP200000542BR_F4_35850,0
FP200000542BR_F4_35901,2
FP200000542BR_F4_35943,0
FP200000542BR_F4_36009,0
FP200000542BR_F4_36091,0
FP200000542BR_F4_36125,0
FP200000542BR_F4_36153,2
FP200000542BR_F4_36254,1
FP200000542BR_F4_36344,0
FP200000542BR_F4_36361,0
FP200000542BR_F4_36418,0
FP200000542BR_F4_36436,4
FP200000542BR_F4_36437,0
FP200000542BR_F4_36530,0
FP200000542BR_F4_36564,0
FP200000542BR_F4_36565,0
FP200000542BR_F4_36616,0
FP200000542BR_F4_36621,0
FP200000542BR_F4_36718,0
FP200000542BR_F4_36750,0
FP200000542BR_F4_36798,2
FP200000542BR_F4_37062,1
FP200000542BR_F4_37193,0
FP200000542BR_F4_37205,1
FP200000542BR_F4_37242,0
FP200000542BR_F4_37261,0
FP200000542BR_F4_37361,0
FP200000542BR_F4_37664,0
FP200000542BR_F4_37722,1
FP200000542BR_F4_37762,0
FP200000542BR_F4_37790,0
FP200000542BR_F4_37825,0
FP200000542BR_F4_37836,0
FP200000542BR_F4_37886,0
FP200000542BR_F4_38077,0
FP200000542BR_F4_38356,0
FP200000542BR_F4_38460,3
FP200000542BR_F4_38503,0
FP200000542BR_F4_38553,2
FP200000542BR_F4_38736,0
FP200000542BR_F4_38776,0
FP200000542BR_F4_39057,1
FP200000542BR_F4_39350,0
FP200000542BR_F4_39495,1
FP200000542BR_F4_39625,0
FP200000542BR_F4_39683,0
FP200000542BR_F4_39752,1
FP200000542BR_F4_39753,0
FP200000542BR_F4_39841,0
FP200000542BR_F4_39913,1
FP200000542BR_F4_39959,0
FP200000542BR_F4_39987,1
FP200000542BR_F4_39995,0
FP200000542BR_F4_40168,0
FP200000542BR_F4_40267,0
FP200000542BR_F4_40375,0
FP200000542BR_F4_40473,0
FP200000542BR_F4_40703,1
FP200000542BR_F4_40724,0
FP200000542BR_F4_40810,0
FP200000542BR_F4_40894,0
FP200000542BR_F4_41716,0
FP200000542BR_F4_41857,1
FP200000542BR_F4_42206,1
FP200000542BR_F4_42799,0
FP200000542BR_F4_42859,1
FP200000542BR_F4_43075,0
FP200000542BR_F4_43102,0
FP200000542BR_F4_43334,3
FP200000542BR_F4_43619,0
FP200000542BR_F4_44143,0
FP200000542BR_F4_44401,0
FP200000542BR_F4_45803,0
FP200000542BR_F4_46308,0
FP200000578TR_C5_25601,0
FP200000578TR_C5_34140,0
FP200000578TR_C5_35330,0
FP200000578TR_C5_35373,0
FP200000578TR_C5_35462,0
FP200000578TR_C5_35573,0
FP200000578TR_C5_35690,0
FP200000578TR_C5_35788,0
FP200000578TR_C5_35824,0
FP200000578TR_C5_35878,0
FP200000578TR_C5_35968,0
FP200000578TR_C5_36196,0
FP200000578TR_C5_36276,0
FP200000578TR_C5_36285,0
FP200000578TR_C5_36295,0
FP200000578TR_C5_36484,0
FP200000578TR_C5_36639,0
FP200000578TR_C5_36688,0
FP200000578TR_C5_36760,0
FP200000578TR_C5_37055,0
FP200000578TR_C5_37202,0
FP200000578TR_C5_37267,1
FP200000578TR_C5_37289,0
FP200000578TR_C5_37379,0
FP200000578TR_C5_37392,0
FP200000578TR_C5_37414,0
FP200000578TR_C5_37420,0
FP200000578TR_C5_37440,0
FP200000578TR_C5_37522,0
FP200000578TR_C5_37556,0
FP200000578TR_C5_37572,0
FP200000578TR_C5_37593,0
FP200000578TR_C5_37613,0
FP200000578TR_C5_37632,1
FP200000578TR_C5_37673,0
FP200000578TR_C5_37676,0
FP200000578TR_C5_37682,0
FP200000578TR_C5_37733,0
FP200000578TR_C5_37770,4
FP200000578TR_C5_37773,1
FP200000578TR_C5_37803,4
FP200000578TR_C5_37811,1
FP200000578TR_C5_37861,0
FP200000578TR_C5_37870,0
FP200000578TR_C5_37875,0
FP200000578TR_C5_37903,1
FP200000578TR_C5_37957,1
FP200000578TR_C5_37982,0
FP200000578TR_C5_38010,1
FP200000578TR_C5_38041,0
FP200000578TR_C5_38063,0
FP200000578TR_C5_38064,0
FP200000578TR_C5_38094,1
FP200000578TR_C5_38124,0
FP200000578TR_C5_38127,0
FP200000578TR_C5_38139,0
FP200000578TR_C5_38140,2
FP200000578TR_C5_38149,0
FP200000578TR_C5_38153,2
FP200000578TR_C5_38156,0
FP200000578TR_C5_38163,0
FP200000578TR_C5_38176,1
FP200000578TR_C5_38233,0
FP200000578TR_C5_38236,0
FP200000578TR_C5_38237,0
FP200000578TR_C5_38256,0
FP200000578TR_C5_38261,0
FP200000578TR_C5_38277,0
FP200000578TR_C5_38282,0
FP200000578TR_C5_38311,0
FP200000578TR_C5_38312,0
FP200000578TR_C5_38313,0
FP200000578TR_C5_38326,0
FP200000578TR_C5_38343,0
FP200000578TR_C5_38344,0
FP200000578TR_C5_38357,0
FP200000578TR_C5_38383,0
FP200000578TR_C5_38404,0
FP200000578TR_C5_38411,0
FP200000578TR_C5_38413,4
FP200000578TR_C5_38427,0
FP200000578TR_C5_38440,0
FP200000578TR_C5_38450,0
FP200000578TR_C5_38455,1
FP200000578TR_C5_38466,0
FP200000578TR_C5_38476,0
FP200000578TR_C5_38482,0
FP200000578TR_C5_38495,0
FP200000578TR_C5_38496,0
FP200000578TR_C5_38503,0
FP200000578TR_C5_38519,0
FP200000578TR_C5_38520,0
FP200000578TR_C5_38521,0
FP200000578TR_C5_38541,0
FP200000578TR_C5_38548,0
FP200000578TR_C5_38563,0
FP200000578TR_C5_38586,0
FP200000578TR_C5_38588,0
FP200000578TR_C5_38595,3
FP200000578TR_C5_38619,0
FP200000578TR_C5_38628,0
FP200000578TR_C5_38629,0
FP200000578TR_C5_38635,0
FP200000578TR_C5_38637,0
FP200000578TR_C5_38654,0
FP200000578TR_C5_38703,0
FP200000578TR_C5_38707,0
FP200000578TR_C5_38726,0
FP200000578TR_C5_38746,0
FP200000578TR_C5_38747,0
FP200000578TR_C5_38769,0
FP200000578TR_C5_38771,0
FP200000578TR_C5_38803,1
FP200000578TR_C5_38811,0
FP200000578TR_C5_38817,0
FP200000578TR_C5_38826,0
FP200000578TR_C5_38838,1
FP200000578TR_C5_38840,0
FP200000578TR_C5_38857,0
FP200000578TR_C5_38858,0
FP200000578TR_C5_38900,0
FP200000578TR_C5_38907,1
FP200000578TR_C5_38933,0
FP200000578TR_C5_38934,0
FP200000578TR_C5_38936,0
FP200000578TR_C5_38946,0
FP200000578TR_C5_38957,0
FP200000578TR_C5_38967,0
FP200000578TR_C5_38970,0
FP200000578TR_C5_38974,0
FP200000578TR_C5_38992,0
FP200000578TR_C5_38997,0
FP200000578TR_C5_39039,0
FP200000578TR_C5_39040,0
FP200000578TR_C5_39049,0
FP200000578TR_C5_39052,0
FP200000578TR_C5_39067,0
FP200000578TR_C5_39076,0
FP200000578TR_C5_39082,0
FP200000578TR_C5_39083,2
FP200000578TR_C5_39093,1
FP200000578TR_C5_39101,0
FP200000578TR_C5_39142,0
FP200000578TR_C5_39154,0
FP200000578TR_C5_39175,0
FP200000578TR_C5_39202,0
FP200000578TR_C5_39222,1
FP200000578TR_C5_39236,0
FP200000578TR_C5_39246,1
FP200000578TR_C5_39250,1
FP200000578TR_C5_39258,0
FP200000578TR_C5_39268,0
FP200000578TR_C5_39286,0
FP200000578TR_C5_39289,0
FP200000578TR_C5_39293,0
FP200000578TR_C5_39298,0
FP200000578TR_C5_39343,0
FP200000578TR_C5_39380,0
FP200000578TR_C5_39417,0
FP200000578TR_C5_39428,0
FP200000578TR_C5_39429,0
FP200000578TR_C5_39464,0
FP200000578TR_C5_39507,0
FP200000578TR_C5_39524,0
FP200000578TR_C5_39544,0
FP200000578TR_C5_39560,1
FP200000578TR_C5_39570,0
FP200000578TR_C5_39601,0
FP200000578TR_C5_39627,1
FP200000578TR_C5_39645,0
FP200000578TR_C5_39670,0
FP200000578TR_C5_39678,0
FP200000578TR_C5_39684,0
FP200000578TR_C5_39695,1
FP200000578TR_C5_39710,0
FP200000578TR_C5_39713,0
FP200000578TR_C5_39724,0
FP200000578TR_C5_39749,0
FP200000578TR_C5_39753,1
FP200000578TR_C5_39802,0
FP200000578TR_C5_39825,0
FP200000578TR_C5_39850,4
FP200000578TR_C5_39901,0
FP200000578TR_C5_39907,0
FP200000578TR_C5_39937,0
FP200000578TR_C5_39956,0
FP200000578TR_C5_39992,0
FP200000578TR_C5_39998,0
FP200000578TR_C5_40047,0
FP200000578TR_C5_40073,0
FP200000578TR_C5_40074,0
FP200000578TR_C5_40075,0
FP200000578TR_C5_40102,0
FP200000578TR_C5_40103,0
FP200000578TR_C5_40127,4
FP200000578TR_C5_40131,0
FP200000578TR_C5_40139,0
FP200000578TR_C5_40156,0
FP200000578TR_C5_40157,0
FP200000578TR_C5_40174,0
FP200000578TR_C5_40203,0
FP200000578TR_C5_40207,0
FP200000578TR_C5_40225,0
FP200000578TR_C5_40227,0
FP200000578TR_C5_40255,0
FP200000578TR_C5_40269,1
FP200000578TR_C5_40281,0
FP200000578TR_C5_40302,1
FP200000578TR_C5_40371,0
FP200000578TR_C5_40412,0
FP200000578TR_C5_40434,0
FP200000578TR_C5_40435,0
FP200000578TR_C5_40439,1
FP200000578TR_C5_40457,2
FP200000578TR_C5_40506,0
FP200000578TR_C5_40553,0
FP200000578TR_C5_40568,0
FP200000578TR_C5_40616,0
FP200000578TR_C5_40632,0
FP200000578TR_C5_40640,0
FP200000578TR_C5_40660,1
FP200000578TR_C5_40668,0
FP200000578TR_C5_40709,0
FP200000578TR_C5_40724,0
FP200000578TR_C5_40731,0
FP200000578TR_C5_40769,0
FP200000578TR_C5_40783,0
FP200000578TR_C5_40784,0
FP200000578TR_C5_40825,5
FP200000578TR_C5_40844,0
FP200000578TR_C5_40877,0
FP200000578TR_C5_40889,0
FP200000578TR_C5_40902,0
FP200000578TR_C5_40913,1
FP200000578TR_C5_40916,0
FP200000578TR_C5_40994,0
FP200000578TR_C5_41057,0
FP200000578TR_C5_41143,0
FP200000578TR_C5_41167,4
FP200000578TR_C5_41202,2
FP200000578TR_C5_41203,0
FP200000578TR_C5_41252,0
FP200000578TR_C5_41253,0
FP200000578TR_C5_41254,0
FP200000578TR_C5_41255,0
FP200000578TR_C5_41282,2
FP200000578TR_C5_41315,0
FP200000578TR_C5_41339,0
FP200000578TR_C5_41377,0
FP200000578TR_C5_41396,0
FP200000578TR_C5_41469,1
FP200000578TR_C5_41504,0
FP200000578TR_C5_41505,0
FP200000578TR_C5_41519,0
FP200000578TR_C5_41522,2
FP200000578TR_C5_41543,0
FP200000578TR_C5_41580,0
FP200000578TR_C5_41600,0
FP200000578TR_C5_41647,1
FP200000578TR_C5_41657,0
FP200000578TR_C5_41679,1
FP200000578TR_C5_41681,4
FP200000578TR_C5_41683,0
FP200000578TR_C5_41686,0
FP200000578TR_C5_41716,0
FP200000578TR_C5_41720,0
FP200000578TR_C5_41744,1
FP200000578TR_C5_41814,0
FP200000578TR_C5_41821,1
FP200000578TR_C5_41863,0
FP200000578TR_C5_41873,0
FP200000578TR_C5_41891,1
FP200000578TR_C5_41935,0
FP200000578TR_C5_41971,0
FP200000578TR_C5_42030,0
FP200000578TR_C5_42087,1
FP200000578TR_C5_42100,0
FP200000578TR_C5_42116,0
FP200000578TR_C5_42130,0
FP200000578TR_C5_42168,0
FP200000578TR_C5_42249,0
FP200000578TR_C5_42267,0
FP200000578TR_C5_42301,0
FP200000578TR_C5_42308,2
FP200000578TR_C5_42309,0
FP200000578TR_C5_42324,0
FP200000578TR_C5_42330,1
FP200000578TR_C5_42361,0
FP200000578TR_C5_42382,1
FP200000578TR_C5_42389,0
FP200000578TR_C5_42434,0
FP200000578TR_C5_42490,0
FP200000578TR_C5_42563,1
FP200000578TR_C5_42595,0
FP200000578TR_C5_42621,0
FP200000578TR_C5_42623,0
FP200000578TR_C5_42707,0
FP200000578TR_C5_42759,0
FP200000578TR_C5_42771,0
FP200000578TR_C5_42812,0
FP200000578TR_C5_42903,0
FP200000578TR_C5_42915,0
FP200000578TR_C5_42948,0
FP200000578TR_C5_42968,0
FP200000578TR_C5_43000,0
FP200000578TR_C5_43020,4
FP200000578TR_C5_43109,0
FP200000578TR_C5_43119,0
FP200000578TR_C5_43156,0
FP200000578TR_C5_43233,0
FP200000578TR_C5_43254,0
FP200000578TR_C5_43256,1
FP200000578TR_C5_43335,0
FP200000578TR_C5_43358,0
FP200000578TR_C5_43366,3
FP200000578TR_C5_43375,0
FP200000578TR_C5_43467,0
FP200000578TR_C5_43474,0
FP200000578TR_C5_43515,0
FP200000578TR_C5_43667,0
FP200000578TR_C5_43691,0
FP200000578TR_C5_43790,0
FP200000578TR_C5_43956,0
FP200000542BR_A1_18212,0
FP200000542BR_A1_43576,0
FP200000542BR_A1_44284,0
FP200000542BR_A1_44292,0
FP200000542BR_A1_44293,0
FP200000542BR_A1_44330,1
FP200000542BR_A1_44356,0
FP200000542BR_A1_44376,0
FP200000542BR_A1_44686,0
FP200000542BR_A1_45145,0
FP200000542BR_A1_45290,0
FP200000542BR_A1_45328,0
FP200000542BR_A1_46098,0
FP200000542BR_A1_46645,0
FP200000542BR_A1_47468,0
FP200000542BR_A1_48028,0
FP200000542BR_A1_48335,0
FP200000542BR_A1_48340,0
FP200000542BR_A1_48475,0
FP200000542BR_A1_48502,1
FP200000542BR_A1_48596,0
FP200000542BR_A1_48637,0
FP200000542BR_A1_48764,2
FP200000542BR_A1_48849,1
FP200000542BR_A1_48927,0
FP200000542BR_A1_48928,0
FP200000542BR_A1_48932,0
FP200000542BR_A1_48949,0
FP200000542BR_A1_48972,0
FP200000542BR_A1_48973,1
FP200000542BR_A1_48987,0
FP200000542BR_A1_49008,0
FP200000542BR_A1_49031,0
FP200000542BR_A1_49100,3
FP200000542BR_A1_49115,0
FP200000542BR_A1_49157,0
FP200000542BR_A1_49191,0
FP200000542BR_A1_49207,0
FP200000542BR_A1_49220,0
FP200000542BR_A1_49229,0
FP200000542BR_A1_49249,0
FP200000542BR_A1_49270,0
FP200000542BR_A1_49292,0
FP200000542BR_A1_49293,2
FP200000542BR_A1_49333,0
FP200000542BR_A1_49346,0
FP200000542BR_A1_49370,0
FP200000542BR_A1_49399,1
FP200000542BR_A1_49404,1
FP200000542BR_A1_49413,0
FP200000542BR_A1_49522,0
FP200000542BR_A1_49523,0
FP200000542BR_A1_49646,0
FP200000542BR_A1_49687,0
FP200000542BR_A1_49726,1
FP200000542BR_A1_49772,0
FP200000542BR_A1_49773,0
FP200000542BR_A1_49778,0
FP200000542BR_A1_49789,0
FP200000542BR_A1_49794,0
FP200000542BR_A1_49817,0
FP200000542BR_A1_49824,0
FP200000542BR_A1_49825,0
FP200000542BR_A1_49826,1
FP200000542BR_A1_49857,0
FP200000542BR_A1_49924,1
FP200000542BR_A1_49931,2
FP200000542BR_A1_49945,0
FP200000542BR_A1_49999,0
FP200000542BR_A1_50034,0
FP200000542BR_A1_50038,0
FP200000542BR_A1_50046,0
FP200000542BR_A1_50076,0
FP200000542BR_A1_50085,0
FP200000542BR_A1_50095,1
FP200000542BR_A1_50097,0
FP200000542BR_A1_50105,0
FP200000542BR_A1_50115,0
FP200000542BR_A1_50116,3
FP200000542BR_A1_50124,1
FP200000542BR_A1_50141,0
FP200000542BR_A1_50204,0
FP200000542BR_A1_50220,0
FP200000542BR_A1_50229,0
FP200000542BR_A1_50231,0
FP200000542BR_A1_50243,0
FP200000542BR_A1_50247,1
FP200000542BR_A1_50259,0
FP200000542BR_A1_50260,0
FP200000542BR_A1_50270,0
FP200000542BR_A1_50273,0
FP200000542BR_A1_50274,0
FP200000542BR_A1_50292,0
FP200000542BR_A1_50293,0
FP200000542BR_A1_50311,0
FP200000542BR_A1_50319,0
FP200000542BR_A1_50320,0
FP200000542BR_A1_50358,1
FP200000542BR_A1_50367,0
FP200000542BR_A1_50429,0
FP200000542BR_A1_50478,2
FP200000542BR_A1_50492,0
FP200000542BR_A1_50500,0
FP200000542BR_A1_50509,0
FP200000542BR_A1_50519,0
FP200000542BR_A1_50601,0
FP200000542BR_A1_50614,0
FP200000542BR_A1_50619,0
FP200000542BR_A1_50642,0
FP200000542BR_A1_50654,0
FP200000542BR_A1_50658,0
FP200000542BR_A1_50681,0
FP200000542BR_A1_50682,0
FP200000542BR_A1_50693,1
FP200000542BR_A1_50728,0
FP200000542BR_A1_50731,0
FP200000542BR_A1_50735,0
FP200000542BR_A1_50741,0
FP200000542BR_A1_50748,0
FP200000542BR_A1_50749,0
FP200000542BR_A1_50756,0
FP200000542BR_A1_50761,0
FP200000542BR_A1_50778,0
FP200000542BR_A1_50818,0
FP200000542BR_A1_50839,0
FP200000542BR_A1_50865,0
FP200000542BR_A1_50869,0
FP200000542BR_A1_50888,1
FP200000542BR_A1_50906,0
FP200000542BR_A1_50929,0
FP200000542BR_A1_50934,0
FP200000542BR_A1_50943,0
FP200000542BR_A1_50948,2
FP200000542BR_A1_50967,0
FP200000542BR_A1_50996,0
FP200000542BR_A1_50998,0
FP200000542BR_A1_51010,0
FP200000542BR_A1_51018,0
FP200000542BR_A1_51026,0
FP200000542BR_A1_51031,0
FP200000542BR_A1_51032,0
FP200000542BR_A1_51034,1
FP200000542BR_A1_51066,0
FP200000542BR_A1_51077,0
FP200000542BR_A1_51093,0
FP200000542BR_A1_51099,2
FP200000542BR_A1_51120,2
FP200000542BR_A1_51121,0
FP200000542BR_A1_51139,0
FP200000542BR_A1_51150,0
FP200000542BR_A1_51156,0
FP200000542BR_A1_51160,0
FP200000542BR_A1_51169,0
FP200000542BR_A1_51177,1
FP200000542BR_A1_51206,0
FP200000542BR_A1_51230,0
FP200000542BR_A1_51245,0
FP200000542BR_A1_51251,0
FP200000542BR_A1_51252,0
FP200000542BR_A1_51263,0
FP200000542BR_A1_51268,0
FP200000542BR_A1_51275,0
FP200000542BR_A1_51296,1
FP200000542BR_A1_51303,2
FP200000542BR_A1_51304,0
FP200000542BR_A1_51317,0
FP200000542BR_A1_51323,0
FP200000542BR_A1_51347,0
FP200000542BR_A1_51386,0
FP200000542BR_A1_51414,0
FP200000542BR_A1_51421,0
FP200000542BR_A1_51463,1
FP200000542BR_A1_51464,0
FP200000542BR_A1_51521,0
FP200000542BR_A1_51560,1
FP200000542BR_A1_51613,1
FP200000542BR_A1_51628,1
FP200000542BR_A1_51629,0
FP200000542BR_A1_51662,0
FP200000542BR_A1_51684,0
FP200000542BR_A1_51702,0
FP200000542BR_A1_51739,2
FP200000542BR_A1_51745,0
FP200000542BR_A1_51750,0
FP200000542BR_A1_51823,0
FP200000542BR_A1_51833,0
FP200000542BR_A1_51834,0
FP200000542BR_A1_51843,0
FP200000542BR_A1_51852,4
FP200000542BR_A1_51853,0
FP200000542BR_A1_51855,0
FP200000542BR_A1_51878,0
FP200000542BR_A1_51884,0
FP200000542BR_A1_51925,0
FP200000542BR_A1_51945,0
FP200000542BR_A1_51958,0
FP200000542BR_A1_51992,0
FP200000542BR_A1_52056,0
FP200000542BR_A1_52079,0
FP200000542BR_A1_52165,5
FP200000542BR_A1_52169,0
FP200000542BR_A1_52170,1
FP200000542BR_A1_52183,0
FP200000542BR_A1_52207,0
FP200000542BR_A1_52208,0
FP200000542BR_A1_52216,0
FP200000542BR_A1_52245,0
FP200000542BR_A1_52260,0
FP200000542BR_A1_52287,0
FP200000542BR_A1_52294,2
FP200000542BR_A1_52312,1
FP200000542BR_A1_52334,0
FP200000542BR_A1_52360,0
FP200000542BR_A1_52368,0
FP200000542BR_A1_52371,0
FP200000542BR_A1_52389,0
FP200000542BR_A1_52403,0
FP200000542BR_A1_52415,0
FP200000542BR_A1_52435,0
FP200000542BR_A1_52457,0
FP200000542BR_A1_52462,0
FP200000542BR_A1_52485,0
FP200000542BR_A1_52489,0
FP200000542BR_A1_52494,0
FP200000542BR_A1_52500,0
FP200000542BR_A1_52520,0
FP200000542BR_A1_52527,0
FP200000542BR_A1_52551,0
FP200000542BR_A1_52560,0
FP200000542BR_A1_52579,0
FP200000542BR_A1_52581,0
FP200000542BR_A1_52617,0
FP200000542BR_A1_52663,0
FP200000542BR_A1_52740,0
FP200000542BR_A1_52752,1
FP200000542BR_A1_52788,0
FP200000542BR_A1_52797,3
FP200000542BR_A1_52809,2
FP200000542BR_A1_52820,0
FP200000542BR_A1_52889,0
FP200000542BR_A1_52896,1
FP200000542BR_A1_52915,0
FP200000542BR_A1_52939,0
FP200000542BR_A1_52959,0
FP200000542BR_A1_52977,0
FP200000542BR_A1_53003,0
FP200000542BR_A1_53017,2
FP200000542BR_A1_53032,0
FP200000542BR_A1_53063,0
FP200000542BR_A1_53134,0
FP200000542BR_A1_53143,0
FP200000542BR_A1_53157,0
FP200000542BR_A1_53165,0
FP200000542BR_A1_53179,0
FP200000542BR_A1_53225,1
FP200000542BR_A1_53258,0
FP200000542BR_A1_53286,0
FP200000542BR_A1_53313,0
FP200000542BR_A1_53322,1
FP200000542BR_A1_53381,0
FP200000542BR_A1_53425,0
FP200000542BR_A1_53438,0
FP200000542BR_A1_53440,0
FP200000542BR_A1_53441,0
FP200000542BR_A1_53492,0
FP200000542BR_A1_53623,0
FP200000542BR_A1_53627,0
FP200000542BR_A1_53628,4
FP200000542BR_A1_53691,0
FP200000542BR_A1_53712,0
FP200000542BR_A1_53732,0
FP200000542BR_A1_53762,0
FP200000542BR_A1_53779,0
FP200000542BR_A1_53808,0
FP200000542BR_A1_53810,0
FP200000542BR_A1_53815,1
FP200000542BR_A1_53868,0
FP200000542BR_A1_53883,0
FP200000542BR_A1_53914,0
FP200000542BR_A1_53923,0
FP200000542BR_A1_53957,0
FP200000542BR_A1_53984,0
FP200000542BR_A1_53992,0
FP200000542BR_A1_54094,0
FP200000542BR_A1_54190,0
FP200000542BR_A1_54215,1
FP200000542BR_A1_54220,0
FP200000542BR_A1_54226,0
FP200000542BR_A1_54275,1
FP200000542BR_A1_54311,0
FP200000542BR_A1_54312,0
FP200000542BR_A1_54322,0
FP200000542BR_A1_54332,0
FP200000542BR_A1_54369,3
FP200000542BR_A1_54416,1
FP200000542BR_A1_54417,0
FP200000542BR_A1_54584,0
FP200000542BR_A1_54589,0
FP200000542BR_A1_54621,0
FP200000542BR_A1_54627,0
FP200000542BR_A1_54628,0
FP200000542BR_A1_54635,1
FP200000542BR_A1_54639,0
FP200000542BR_A1_54645,0
FP200000542BR_A1_54672,0
FP200000542BR_A1_54715,0
FP200000542BR_A1_54811,2
FP200000542BR_A1_54852,0
FP200000542BR_A1_54924,0
FP200000542BR_A1_54957,1
FP200000542BR_A1_54962,0
FP200000542BR_A1_54977,0
FP200000542BR_A1_55022,1
FP200000542BR_A1_55222,0
FP200000542BR_A1_55260,3
FP200000542BR_A1_55303,0
FP200000542BR_A1_55337,1
FP200000542BR_A1_55413,0
FP200000542BR_A1_55420,0
FP200000542BR_A1_55604,0
FP200000542BR_A1_55660,2
FP200000542BR_A1_55714,0
FP200000542BR_A1_55839,0
FP200000542BR_A1_55935,0
FP200000542BR_A1_56205,0
FP200000542BR_A1_56255,0
FP200000542BR_A1_56281,0
FP200000542BR_A1_56382,2
FP200000542BR_A1_56444,1
FP200000542BR_A1_56541,0
FP200000542BR_A1_56584,0
FP200000542BR_A1_56668,0
FP200000542BR_A1_56719,0
FP200000542BR_A1_56811,0
FP200000542BR_A1_56860,0
FP200000542BR_A1_56871,1
FP200000542BR_A1_57049,0
FP200000542BR_A1_57106,0
FP200000542BR_A1_57107,2
FP200000542BR_A1_57184,0
FP200000542BR_A1_57190,0
FP200000542BR_A1_57202,0
FP200000542BR_A1_57233,0
FP200000542BR_A1_57398,0
FP200000542BR_A1_57410,0
FP200000542BR_A1_57474,0
FP200000542BR_A1_57703,0
FP200000542BR_A1_57924,0
FP200000542BR_A1_58070,0
